postcode,mean_value
10000,13397000.0
10001,5423015.007751938
10002,12251201.101265823
10003,5958639.832061069
10004,11700303.76923077
10005,1850360.3260869565
10006,2769709.2073170734
10007,1045905.7104247104
10009,722339.9393939395
10010,2122505.2729468597
10011,1412796.204109589
10012,2502474.546875
10013,1077874.0288184439
10014,6658581.6567164175
10016,4358637.915730337
10017,20120893.815384615
10018,4934485.792207792
10019,4737073.152801358
10020,5541957.0
10021,1946313.8483033932
10022,3844284.016574586
10023,6250004.201421801
10024,925987.7458745874
10025,1038010.762195122
10026,1647824.388888889
10027,5835015.622641509
10028,2122617.742424242
10029,1152410.4257425743
10030,2536833.3333333335
10031,1030364.6
10032,3157400.0
10033,394337.6666666667
10034,3990169.75
10035,508391.13333333336
10036,3212475.509960159
10037,434000.0
10038,1961596.7542372881
10039,184356.23076923078
10040,929900.3414634146
10041,347000.0
10044,14734346.75
10065,5260066.009727626
10069,413813.6666666667
10075,1003590.0995370371
10103,193972.0
10106,1324507.8
10107,226389.54545454544
10112,344939.0
10118,693251.1
10119,1997889.0
10120,157806000.0
10123,23916000.0
10128,1373498.7694915254
10151,31991614.0
10152,2256919.3333333335
10154,50767000.0
10155,3199068.0
10162,252350.0
10165,13026649.6
10168,2773000.0
10169,586639.5
10170,4013756.0
10171,591110.0
10173,199329.0
10174,489828.6
10271,908000.0
10279,490735.0
10280,303923.9510204082
10281,97167000.0
10282,428111.94736842107
10301,569750.0
10302,463500.0
10305,425000.0
10306,416500.0
10307,755000.0
10308,667000.0
10309,462000.0
10310,453000.0
10312,570600.0
10314,382500.0
10463,369202.0
11691,664000.0
11693,321000.0
