zipcode_s,Unnamed: 0,eventid,eventtype,startdatetime,enddatetime,enteredon,parkingheld,borough,communityboard_s,policeprecinct_s,category,subcategoryname
0.0,3,3,3,3,3,3,3,3,3,3,3,3
83.0,64,64,64,64,64,64,64,64,64,64,64,64
10000.0,4,4,4,4,4,4,4,4,4,4,4,4
10001.0,2550,2550,2550,2550,2550,2550,2550,2550,2550,2550,2550,2550
10002.0,1335,1335,1335,1335,1335,1335,1335,1335,1335,1335,1335,1335
10003.0,1801,1801,1801,1801,1801,1801,1801,1801,1801,1801,1801,1801
10004.0,404,404,404,404,404,404,404,404,404,404,404,404
10005.0,253,253,253,253,253,253,253,253,253,253,253,253
10006.0,40,40,40,40,40,40,40,40,40,40,40,40
10007.0,602,602,602,602,602,602,602,602,602,602,602,602
10009.0,210,210,210,210,210,210,210,210,210,210,210,210
10010.0,504,504,504,504,504,504,504,504,504,504,504,504
10011.0,1423,1423,1423,1423,1423,1423,1423,1423,1423,1422,1423,1423
10012.0,842,842,842,842,842,842,842,842,842,842,842,842
10013.0,1037,1037,1037,1037,1037,1037,1037,1037,1037,1037,1037,1037
10014.0,663,663,663,663,663,663,663,663,663,663,663,663
10016.0,405,405,405,405,405,405,405,405,405,405,405,405
10017.0,564,564,564,564,564,564,564,564,564,564,564,564
10018.0,428,428,428,428,428,428,428,428,428,428,428,428
10019.0,2556,2556,2556,2556,2556,2556,2556,2556,2556,2556,2556,2556
10020.0,155,155,155,155,155,155,155,155,155,155,155,155
10021.0,429,429,429,429,429,429,429,429,429,429,429,429
10022.0,360,360,360,360,360,360,360,360,360,360,360,360
10023.0,1393,1393,1393,1393,1393,1393,1393,1393,1393,1393,1393,1393
10024.0,348,348,348,348,348,348,348,348,348,348,348,348
10025.0,317,317,317,317,317,317,317,317,317,317,317,317
10026.0,217,217,217,217,217,217,217,217,217,217,217,217
10027.0,510,510,510,510,510,510,510,510,510,510,510,510
10028.0,186,186,186,186,186,186,186,186,186,186,186,186
10029.0,279,279,279,279,279,279,279,279,279,279,279,279
10030.0,102,102,102,102,102,102,102,102,102,102,102,102
10031.0,274,274,274,274,274,274,274,274,274,274,274,274
10032.0,284,284,284,284,284,284,284,284,284,284,284,284
10033.0,210,210,210,210,210,210,210,210,210,210,210,210
10034.0,74,74,74,74,74,74,74,74,74,74,74,74
10035.0,40,40,40,40,40,40,40,40,40,40,40,40
10036.0,2339,2339,2339,2339,2339,2339,2339,2339,2339,2339,2339,2339
10037.0,19,19,19,19,19,19,19,19,19,19,19,19
10038.0,105,105,105,105,105,105,105,105,105,105,105,105
10039.0,38,38,38,38,38,38,38,38,38,38,38,38
10040.0,40,40,40,40,40,40,40,40,40,40,40,40
10041.0,1,1,1,1,1,1,1,1,1,1,1,1
10044.0,31,31,31,31,31,31,31,31,31,31,31,31
10048.0,7,7,7,7,7,7,7,7,7,7,7,7
10065.0,264,264,264,264,264,264,264,264,264,264,264,264
10069.0,2,2,2,2,2,2,2,2,2,2,2,2
10075.0,58,58,58,58,58,58,58,58,58,58,58,58
10128.0,120,120,120,120,120,120,120,120,120,120,120,120
10280.0,6,6,6,6,6,6,6,6,6,6,6,6
10281.0,3,3,3,3,3,3,3,3,3,3,3,3
10282.0,20,20,20,20,20,20,20,20,20,20,20,20
10452.0,1,1,1,1,1,1,1,1,1,1,1,1
11038.0,2,2,2,2,2,2,2,2,2,2,2,2
11101.0,4,4,4,4,4,4,4,4,4,4,4,4
11106.0,1,1,1,1,1,1,1,1,1,1,1,1
11201.0,2,2,2,2,2,2,2,2,2,2,2,2
11204.0,1,1,1,1,1,1,1,1,1,1,1,1
11208.0,1,1,1,1,1,1,1,1,1,1,1,1
11372.0,1,1,1,1,1,1,1,1,1,1,1,1
